PE1: 8286660.0 
PE2: 458280.0 
PE3: 1169640.0 
PE4: 1108080.0 

PE5: 1.1710083E8 
PE6: 313560.0 
PE7: 420660.0 
PE8: 4220280.0 

PE9: 4528080.0 
PE10: 458280.0 
PE11: 1169640.0 
PE12: 4589640.0 

PE13: 1.167246E7 
PE14: 4.575492E7 
PE15: 7982810.0 
PE16: 78540.0 

PE17: 1166220.0 
PE18: 800280.0 
PE19: 1166220.0 
PE20: 1.164228E7 

