R1: -118.56434956885774 
R2: 49.739006032965946 
R3: -247.00790602321544 
R4: 63.74492435153943 

R5: 222.67470501645676 
R6: -86.07817621212259 
R7: 166.91961815859108 
R8: -145.20707629864194 

R9: 14.552595412213787 
R10: -18.025934304011184 
R11: 822.1978398788053 
R12: -25.975042317229025 

R13: -76.50850734006562 
R14: 234.30641630747596 
R15: -6.303799101985606 
R16: -69.32145626792598 

R17: 29.50164034672694 
R18: -10.294220586659971 
R19: 47.90535787632501 
R20: 517.2591460680231 

